

MODULES
3;2
1;2
11;3
8;3
9;2
7;3
15;1
13;1
14;1
FINMODULES
CHOIX
1;13;3;8;8;
1;13;3;8;8;
1;13;3;8;8;
2;13;3;8;
2;13;3;8;
2;13;3;8;
3;13;3;8;
3;13;3;8;
3;13;3;8;
4;13;3;8;
4;13;3;8;
4;13;3;8;
5;13;3;8;
5;13;3;8;
5;13;3;8;
6;13;3;8;
6;13;3;8;
6;13;3;8;
7;13;3;
7;13;3;
1;13;3;8;8;
8;13;3;8;
8;13;3;8;
8;13;3;8;
9;13;3;8;
9;13;3;8;
9;13;3;8;
10;13;3;8;
10;13;3;8;
10;13;3;8;
11;13;3;8;
11;13;3;8;
11;13;3;8;
12;13;3;8;
12;13;3;8;
12;13;3;8;
13;13;3;8;
13;13;3;8;
13;13;3;8;
14;13;3;8;
14;13;3;8;
14;13;3;8;
15;13;3;8;
15;13;3;8;
15;13;3;8;
16;13;3;8;
16;13;3;8;
16;13;3;8;
17;13;3;8;
17;13;3;8;
17;13;3;8;
18;13;3;8;
18;13;3;8;
18;13;3;8;
19;13;3;8;
19;13;3;8;
19;13;3;8;
20;13;3;8;
20;13;3;8;
20;13;3;8;
21;13;3;8;
21;13;3;8;
21;13;3;8;
22;13;3;8;
22;13;3;8;
22;13;3;8;
23;13;3;8;
23;13;3;8;
23;13;3;8;
24;13;3;8;
24;13;3;8;
24;13;3;8;
25;13;3;8;
25;13;3;8;
25;13;3;8;
26;13;3;8;
26;13;3;8;
26;13;3;8;
27;13;3;8;
27;13;3;8;
27;13;3;8;
28;13;3;8;
28;13;3;8;
28;13;3;8;
29;13;3;8;
29;13;3;8;
29;13;3;8;
120;14;3;8;
120;14;3;8;
120;14;3;8;
FINCHOIX
